964
109
286
110
839
930
862
433
446
905
612
445
897
81
51
941
527
347
64
661
257
116
772
974
336
852
670
149
674
654
895
611
487
295
596
117
639
329
247
395
435
485
242
183
322
581
662
551
98
854
423
605
409
338
512
38
133
104
442
792
565
321
505
255
156
745
870
788
317
789
218
723
600
590
384
260
755
460
130
916
593
479
524
168
310
602
7
197
698
840
906
222
243
271
908
453
687
532
486
977
63
700
640
194
909
44
497
92
39
195
636
637
464
587
365
325
118
629
341
144
658
568
968
297
334
467
152
411
933
730
513
555
886
914
742
434
597
319
196
176
277
345
305
625
175
320
631
999
135
182
139
184
438
368
520
126
272
847
153
799
455
733
860
410
124
234
937
457
15
192
78
122
620
480
186
883
777
361
267
136
141
521
696
738
225
688
88
420
627
988
651
761
767
791
121
239
190
570
372
623
306
660
406
775
206
16
756
431
677
166
362
717
780
618
583
90
902
170
917
929
865
482
638
957
710
831
868
145
962
492
519
826
501
352
938
155
557
66
6
354
214
735
169
569
878
244
811
685
589
746
374
675
424
216
635
221
256
47
161
960
148
984
488
474
867
348
683
781
940
948
514
84
173
132
477
61
278
332
998
496
943
42
970
5
622
889
94
547
101
793
655
417
813
73
588
981
294
185
538
978
749
770
327
415
418
907
342
523
264
140
414
652
253
378
201
560
558
829
993
36
851
603
594
262
269
226
996
949
953
398
324
504
801
722
292
400
151
72
818
807
436
106
800
127
704
798
942
232
93
22
416
802
796
385
571
990
923
794
720
198
598
71
784
947
102
261
59
773
463
871
8
379
282
491
502
17
903
828
328
985
237
752
689
537
29
350
901
258
747
699
100
904
285
711
544
120
647
891
448
515
105
459
995
387
163
578
275
299
595
530
848
913
159
741
509
866
355
48
293
489
529
508
230
313
179
46
142
606
518
743
364
200
712
18
40
610
892
708
691
714
827
404
616
462
208
739
1
432
925
842
283
68
979
263
468
511
679
473
646
778
43
437
748
103
91
768
223
580
896
591
982
111
99
844
279
227
880
955
825
890
270
340
864
337
820
50
287
45
369
849
787
248
32
678
621
360
213
584
856
693
967
171
219
934
375
536
193
837
952
89
259
391
449
495
553
49
14
273
454
212
692
162
383
884
333
885
728
615
138
220
863
25
812
180
702
713
690
763
304
911
924
959
3
252
759
992
154
561
680
663
815
367
608
920
373
650
961
986
921
915
167
645
187
55
114
1000
804
240
729
980
695
274
371
543
125
97
307
614
323
178
498
718
96
113
289
290
682
975
86
549
744
469
119
268
413
816
541
613
681
599
189
233
484
824
731
830
875
471
642
736
586
782
235
75
356
339
419
131
458
224
380
23
705
882
174
9
181
966
470
296
472
716
353
694
732
507
351
335
309
83
525
302
817
556
506
644
440
592
157
676
835
158
34
298
150
503
426
177
944
123
33
954
346
82
585
349
754
769
751
202
54
945
481
872
238
617
4
619
366
724
776
172
836
531
997
128
671
143
129
250
838
191
209
721
833
634
686
291
494
210
343
910
667
559
673
814
318
57
204
958
358
563
107
87
412
407
439
931
562
284
308
604
41
935
466
534
493
766
394
573
392
65
281
823
147
983
461
879
522
21
894
12
841
215
926
574
757
376
843
53
402
30
241
701
56
344
876
819
246
630
805
443
60
774
760
672
359
653
10
786
28
456
422
314
2
969
447
20
874
873
900
973
859
740
703
566
382
146
821
697
765
95
869
403
441
727
70
389
855
657
989
881
429
444
659
331
753
545
35
899
19
205
853
939
165
85
893
397
370
976
994
401
552
516
576
316
76
425
928
381
575
13
37
357
684
390
850
803
67
737
857
785
666
399
26
80
108
861
648
164
719
517
832
27
669
112
500
408
707
405
758
548
656
386
475
771
709
539
987
312
546
315
888
58
428
572
526
451
203
311
303
822
550
228
887
396
858
936
912
609
288
69
266
845
706
330
564
452
628
510
540
533
641
115
607
633
74
301
664
582
207
450
846
927
199
300
554
715
956
919
932
726
797
806
542
421
478
499
24
750
393
918
254
734
643
779
764
280
483
535
160
62
790
762
465
188
528
632
991
624
245
490
388
567
665
430
377
951
950
249
834
922
427
77
601
265
52
137
783
276
476
236
326
231
725
965
963
79
211
363
217
795
649
946
626
809
668
577
810
229
251
877
972
971
31
579
808
898
134
11